6
85
0 "C_I"
1 "C_ii"
2 "C_iii"
3 "C_IV"
4 "C_V"
5 "C_vi"
6 "C_vii"
7 "G_I"
8 "G_ii"
9 "G_iii"
10 "G_IV"
11 "G_V"
12 "G_vi"
13 "G_vii"
14 "D_I"
15 "D_ii"
16 "D_iii"
17 "D_IV"
18 "D_V"
19 "D_vi"
20 "D_vii"
21 "A_I"
22 "A_ii"
23 "A_iii"
24 "A_IV"
25 "A_V"
26 "A_vi"
27 "A_vii"
28 "E_I"
29 "E_ii"
30 "E_iii"
31 "E_IV"
32 "E_V"
33 "E_vi"
34 "E_vii"
35 "B_I"
36 "B_ii"
37 "B_iii"
38 "B_IV"
39 "B_V"
40 "B_vi"
41 "B_vii"
42 "F#\_I"
43 "F#\_ii"
44 "F#\_iii"
45 "F#\_IV"
46 "F#\_V"
47 "F#\_vi"
48 "F#\_vii"
49 "Db_I"
50 "Db_ii"
51 "Db_iii"
52 "Db_IV"
53 "Db_V"
54 "Db_vi"
55 "Db_vii"
56 "Ab_I"
57 "Ab_ii"
58 "Ab_iii"
59 "Ab_IV"
60 "Ab_V"
61 "Ab_vi"
62 "Ab_vii"
63 "Eb_I"
64 "Eb_ii"
65 "Eb_iii"
66 "Eb_IV"
67 "Eb_V"
68 "Eb_vi"
69 "Eb_vii"
70 "Bb_I"
71 "Bb_ii"
72 "Bb_iii"
73 "Bb_IV"
74 "Bb_V"
75 "Bb_vi"
76 "Bb_vii"
77 "F_I"
78 "F_ii"
79 "F_iii"
80 "F_IV"
81 "F_V"
82 "F_vi"
83 "F_vii"
999 "acorde teste"
253
0 3 3
0 5 2
0 4 4
0 1 3
0 2 3
0 10 0
0 999 2
1 4 4
1 5 4
1 0 3
2 5 2
2 3 3
3 4 4
3 0 4
3 6 4
4 0 5
4 5 3
4 3 4
5 1 3
5 3 2
5 0 3
6 0 3
7 10 3
7 12 2
7 11 4
7 8 3
7 9 3
7 17 0
8 11 4
8 12 4
8 7 3
9 12 2
9 10 3
10 11 4
10 7 4
10 13 4
11 7 5
11 12 3
11 10 4
12 8 3
12 10 2
12 7 3
13 7 3
14 17 3
14 19 2
14 18 4
14 15 3
14 16 3
14 24 0
15 18 4
15 19 4
15 14 3
16 19 2
16 17 3
17 18 4
17 14 4
17 20 4
18 14 5
18 19 3
18 17 4
19 15 3
19 17 2
19 14 3
20 14 3
21 24 3
21 26 2
21 25 4
21 22 3
21 23 3
21 31 0
22 25 4
22 26 4
22 21 3
23 26 2
23 24 3
24 25 4
24 21 4
24 27 4
25 21 5
25 26 3
25 24 4
26 22 3
26 24 2
26 21 3
27 21 3
28 31 3
28 33 2
28 32 4
28 29 3
28 30 3
28 38 0
29 32 4
29 33 4
29 28 3
30 33 2
30 31 3
31 32 4
31 28 4
31 34 4
32 28 5
32 33 3
32 31 4
33 29 3
33 31 2
33 28 3
34 28 3
35 38 3
35 40 2
35 39 4
35 36 3
35 37 3
35 45 0
36 39 4
36 40 4
36 35 3
37 40 2
37 38 3
38 39 4
38 35 4
38 41 4
39 35 5
39 40 3
39 38 4
40 36 3
40 38 2
40 35 3
41 35 3
42 45 3
42 47 2
42 46 4
42 43 3
42 44 3
42 52 0
43 46 4
43 47 4
43 42 3
44 47 2
44 45 3
45 46 4
45 42 4
45 48 4
46 42 5
46 47 3
46 45 4
47 43 3
47 45 2
47 42 3
48 42 3
49 52 3
49 54 2
49 53 4
49 50 3
49 51 3
49 59 0
50 53 4
50 54 4
50 49 3
51 54 2
51 52 3
52 53 4
52 49 4
52 55 4
53 49 5
53 54 3
53 52 4
54 50 3
54 52 2
54 49 3
55 49 3
56 59 3
56 61 2
56 60 4
56 57 3
56 58 3
56 66 0
57 60 4
57 61 4
57 56 3
58 61 2
58 59 3
59 60 4
59 56 4
59 62 4
60 56 5
60 61 3
60 59 4
61 57 3
61 59 2
61 56 3
62 56 3
63 66 3
63 68 2
63 67 4
63 64 3
63 65 3
63 73 0
64 67 4
64 68 4
64 63 3
65 68 2
65 66 3
66 67 4
66 63 4
66 69 4
67 63 5
67 68 3
67 66 4
68 64 3
68 66 2
68 63 3
69 63 3
70 73 3
70 75 2
70 74 4
70 71 3
70 72 3
70 80 0
71 74 4
71 75 4
71 70 3
72 75 2
72 73 3
73 74 4
73 70 4
73 76 4
74 70 5
74 75 3
74 73 4
75 71 3
75 73 2
75 70 3
76 70 3
77 80 3
77 82 2
77 81 4
77 78 3
77 79 3
77 3 0
78 81 4
78 82 4
78 77 3
79 82 2
79 80 3
80 81 4
80 77 4
80 83 4
81 77 5
81 82 3
81 80 4
82 78 3
82 80 2
82 77 3
83 77 3
